Electorate,"North-West European, nfd",British,Arab,Australian Peoples,"Oceanian, nfd",New Zealand Peoples,Melanesian and Papuan,Micronesian,Polynesian,Irish,Western European,Northern European,"Southern and Eastern European, nfd",Southern European,South Eastern European,Eastern European,"North African and Middle Eastern, nfd",Jewish,Peoples of the Sudan,Other North African and Middle Eastern,"South-East Asian, nfd",Mainland South-East Asian,Maritime South-East Asian,"North-East Asian, nfd",Chinese Asian,Other North-East Asian,"Southern and Central Asian, nfd",Southern Asian,Central Asian,"Peoples of the Americas, nfd",North American,South American,Central American,Caribbean Islander,"Sub-Saharan African, nfd",Central and West African,Southern and East African,Inadequately described,"So described, nfd",Not stated,Total
Lyne,3,71098,184,46420,0,293,13,5,59,8095,3560,265,7,1698,465,665,6,10,0,45,0,193,421,0,535,86,0,410,12,0,158,116,10,5,0,12,178,228,49,10182,145480
Paterson,4,75444,150,47825,5,442,14,0,254,8762,3872,244,7,1945,839,1182,12,13,39,73,0,305,710,0,903,141,0,1005,18,8,163,127,19,3,0,21,401,246,153,10312,155632
Lyons,5,50208,26,33901,0,181,4,0,26,4732,2502,169,0,783,268,545,0,4,8,23,0,88,255,0,309,52,0,184,10,0,133,27,13,16,0,10,114,175,45,7341,102181
Canning,3,73899,138,32162,26,1525,67,0,200,6293,4558,329,12,3767,662,810,4,15,49,164,0,548,1346,0,1008,213,0,1854,66,15,234,140,20,18,0,155,1465,225,463,10311,142762
Curtin,4,69098,481,29293,3,755,13,0,74,10701,5181,540,27,6390,3022,2000,30,71,47,739,9,913,1279,0,8846,1136,3,5299,122,45,564,768,72,44,0,99,1556,218,434,10473,160348
Perth,11,57963,911,23798,7,1030,27,0,158,9969,4732,444,42,12496,5444,2975,35,231,248,1252,25,4205,2507,0,9925,2152,0,8223,296,50,423,1085,94,37,0,201,2347,280,845,14526,168988
Cowan,0,51872,2419,25532,41,1525,24,0,248,6802,3410,215,34,13520,9721,2434,96,123,1311,1438,11,12482,3821,0,8895,685,7,8145,1459,58,278,554,156,33,4,773,4313,329,1463,10969,175188
Hasluck,5,69153,603,30073,14,1808,39,0,250,6739,4387,312,24,6150,2278,1471,24,17,618,227,0,1807,2710,0,1972,273,0,5390,318,13,276,246,40,29,0,269,2248,237,920,12023,152972
Durack,5,77169,175,65619,33,2191,133,5,438,8780,5063,370,10,3833,1094,935,3,13,56,112,0,1170,3363,0,1792,292,0,1998,43,12,272,165,31,27,0,60,1438,280,459,25314,202750
Pearce,0,73917,795,25636,29,2371,36,0,360,7038,4087,201,25,5456,3203,1460,49,34,707,458,4,2695,2309,0,3026,306,0,5295,677,25,263,385,138,25,4,323,4620,217,838,9693,156703
Swan,0,62150,1881,27705,17,1615,163,0,306,8416,4255,327,29,6958,1872,1960,76,10,161,1631,20,2918,5644,0,14302,2090,4,12359,1179,35,330,709,81,33,0,351,3239,323,1345,15383,179888
Moore,3,81346,728,28268,12,1256,24,0,109,9953,4892,360,11,5731,2500,1930,14,18,44,500,0,919,1129,0,3139,384,0,2451,177,15,359,309,71,38,5,54,2973,191,342,6481,156738
Burt,0,61201,1494,27488,50,2093,173,0,531,5457,4465,249,16,4136,996,1029,37,12,316,647,15,3671,6267,0,9093,759,0,12969,1822,39,246,329,113,23,0,572,3444,332,1482,10126,161708
Tangney,3,63823,1342,26625,15,874,41,5,161,7413,4313,333,18,7108,1829,1503,86,22,103,1245,8,1478,3377,0,25361,2110,0,12477,368,54,260,459,108,68,4,302,2270,247,836,8844,175475
Fremantle,5,60246,526,25763,12,1262,16,0,237,7640,4131,394,44,13520,4414,1473,13,23,64,558,5,798,3112,0,5619,791,0,3672,89,59,325,542,193,48,3,247,1658,257,654,10337,148741
Brand,5,82420,225,31412,39,3436,55,0,737,6818,4491,368,14,3909,1507,918,12,20,170,202,7,853,3333,0,1665,387,0,3218,66,35,251,371,61,53,0,219,2503,229,739,13292,164025
Migratory - Offshore - Shipping (WA),0,204,0,40,0,10,0,0,0,25,19,0,0,13,3,8,0,0,0,0,0,4,16,0,4,0,0,4,0,0,4,0,0,0,0,0,0,0,0,73,431
No usual address (WA),0,1967,7,1216,0,66,3,0,10,285,239,18,0,110,21,50,0,0,3,6,0,18,37,0,139,27,0,46,0,3,9,3,0,0,0,0,44,27,19,1567,5950
No usual address (NSW),0,3670,177,2230,4,79,8,0,62,547,365,41,0,264,124,113,0,3,6,68,0,130,94,0,466,58,0,246,8,0,15,60,7,4,0,10,46,47,24,3317,12288
Solomon,0,34326,203,23995,16,728,143,21,331,5889,3318,244,9,2437,3254,698,11,11,154,198,4,1671,5700,0,4595,675,0,5447,80,7,203,154,39,22,0,333,656,247,664,11758,108272
Migratory - Offshore - Shipping (NSW),0,153,6,78,0,3,0,0,0,33,8,0,0,7,6,7,0,0,0,0,0,12,0,0,33,0,0,0,0,0,0,0,0,0,0,0,0,0,3,48,419
Brisbane,4,63037,1141,27211,29,917,267,5,323,14234,4887,601,0,5994,1601,1652,45,31,92,761,8,1203,1429,0,7862,2901,0,5549,80,104,436,1778,177,35,0,80,710,312,337,13869,159699
Lilley,0,63066,271,32059,80,1346,306,35,1263,12129,4576,346,3,5390,1159,1134,29,21,179,509,6,1225,2579,0,3723,963,0,6916,94,58,230,408,75,29,0,86,579,273,373,8627,150151
Dickson,3,72635,299,38618,28,1494,164,19,891,10420,5471,387,11,3213,709,1094,7,16,70,180,4,477,1253,0,1709,259,0,2360,64,30,273,257,67,31,0,35,1176,257,277,7179,151444
Moreton,0,49017,1187,24583,44,1023,258,13,1056,9032,4109,476,30,2971,3841,1754,35,15,332,876,8,3303,2287,0,25950,4461,0,10946,825,111,275,594,147,31,0,418,1900,277,798,9000,161994
Rankin,3,58861,1781,31682,255,4432,378,46,6218,7152,4936,529,18,2757,4152,1591,76,14,615,638,10,4962,3082,0,14757,1999,0,9156,1784,103,252,380,330,29,0,551,2215,413,931,12058,179171
Oxley,9,56279,832,28914,269,2354,166,27,5397,7342,5670,455,3,2848,1707,1558,22,27,864,914,3,12699,2609,0,5933,922,0,8251,309,100,315,648,311,39,0,765,2816,335,1295,14183,167171
Ryan,7,67099,573,29601,25,753,188,9,254,12485,5521,548,12,3314,1103,1652,17,42,68,823,5,1112,1902,0,9096,1565,0,4677,67,52,443,695,119,27,0,76,1383,256,329,7552,153444
Leichhardt,3,59892,206,50139,93,1074,1399,11,774,9050,6323,590,13,4902,1038,1263,7,31,28,198,0,1296,1931,0,2717,2763,0,2856,32,10,336,208,27,49,0,65,556,300,264,17001,167433
Kennedy,8,59836,53,51592,60,921,513,4,759,9540,4911,534,11,10585,971,660,0,8,4,44,7,968,1476,0,1236,432,0,1543,43,6,206,69,22,20,0,21,333,206,161,16633,164371
Maranoa,6,64066,57,47332,8,504,62,4,176,9968,6133,284,0,1967,342,465,4,0,8,47,0,251,1252,0,714,155,0,718,10,10,126,73,33,6,4,7,351,242,146,13759,149264
Groom,5,64665,767,41061,12,419,154,0,195,11279,8067,356,6,1487,342,477,22,10,711,180,0,255,1066,0,1427,294,0,2341,305,3,216,267,16,6,0,358,678,243,301,10878,148864
Flynn,4,64997,131,49931,21,1117,146,9,385,8472,5976,377,5,1829,439,604,0,4,12,90,9,468,1586,0,866,225,0,1356,24,3,160,126,16,27,0,21,693,204,251,14895,155484
Capricornia,0,64154,50,47822,8,768,135,12,182,9326,4505,301,0,2526,300,406,4,9,7,75,0,695,1469,0,963,164,0,1477,108,8,163,271,4,12,0,27,589,211,176,15304,152244
Moncrieff,3,69065,958,30241,37,2746,77,13,574,9802,5802,697,20,5024,3193,2463,24,44,11,705,4,1079,1711,0,6430,4196,0,3391,101,20,424,1077,75,41,0,37,730,283,318,15716,167110
McPherson,3,70605,412,33196,30,1936,93,3,417,9914,4983,496,23,3503,1939,1688,12,27,8,342,0,535,1138,0,4013,1756,0,1451,62,29,376,624,50,29,0,67,846,198,209,10554,151575
Fadden,0,74747,649,32869,65,3829,86,6,982,8740,5770,576,15,3401,2434,1929,25,27,13,663,7,676,1491,0,4186,1720,0,2416,220,33,295,415,57,31,0,52,1284,272,326,12901,163221
Wright,4,71555,155,41329,23,1432,118,6,437,9168,8740,485,7,2070,956,1071,0,23,106,104,0,898,625,0,1530,582,0,839,59,22,229,170,36,25,0,39,623,307,199,12464,156442
Forde,8,74309,637,37728,109,4664,223,29,2362,8168,6221,664,10,2664,2072,1642,0,23,88,441,0,1604,1572,0,2581,706,0,2521,434,56,216,365,105,27,0,184,1172,345,453,11118,165537
Blair,3,72605,100,43410,85,1623,140,10,2497,9390,8379,384,0,1785,553,829,10,14,695,126,0,671,1354,0,1333,254,0,1748,108,44,182,206,106,16,0,285,587,317,371,12179,162411
Dawson,0,65265,96,42207,19,966,200,7,416,9373,4942,406,4,6551,630,649,0,9,19,91,3,508,1889,0,1339,461,0,1664,23,8,205,138,8,4,0,80,803,190,241,14407,153824
Longman,5,76745,156,42855,44,1679,301,17,966,9210,5966,370,5,2453,578,867,0,10,94,84,0,453,1145,0,1445,516,0,937,27,13,213,150,39,24,0,32,627,299,221,12037,160600
Fairfax,0,74402,145,35160,23,1204,80,0,209,10099,6299,619,3,2401,702,994,0,20,9,117,5,349,655,0,927,392,0,1102,12,12,324,151,48,20,0,24,779,294,159,9766,147518
Fisher,6,73409,115,36503,10,1277,103,4,131,9759,6200,653,5,2393,638,947,3,12,9,83,0,306,579,0,897,329,0,1048,30,14,347,180,23,16,0,26,633,198,149,9083,146115
Wide Bay,5,69103,80,38836,5,684,66,0,90,8757,6501,527,5,1781,503,815,0,17,0,39,0,258,645,0,531,164,0,462,10,3,230,84,9,19,0,12,326,259,104,11737,142686
New England,0,68483,454,51106,15,359,40,0,147,9403,3409,186,0,1262,280,432,14,14,47,106,5,359,869,0,1291,296,0,1209,21,0,178,91,18,5,0,52,276,189,152,13416,154187
Whitlam,0,68335,1137,38207,12,500,22,13,271,8030,4914,361,9,7822,6489,1440,11,7,4,709,0,668,862,0,1212,195,0,1026,26,12,178,590,44,12,0,92,323,178,167,8408,152281
Cunningham,5,61546,2329,33625,17,588,37,0,447,8835,4537,404,24,9970,9147,1731,43,32,30,1289,0,1617,1034,0,4268,473,0,2475,122,20,233,741,60,20,0,198,446,204,266,8563,155381
Sydney,10,51861,1974,19319,34,1023,46,6,441,11118,6200,783,41,7350,4676,4291,78,337,18,1554,6,8636,4281,0,34684,5705,0,5220,283,97,832,2265,278,92,11,126,685,330,402,25081,200179
Farrer,0,67842,247,46053,66,462,28,3,1020,10796,5170,153,5,8913,700,684,0,8,13,206,6,368,904,0,998,176,0,3200,237,5,103,105,12,3,0,40,284,171,160,14850,163981
Newcastle,4,70125,671,39301,16,469,41,5,399,10441,3495,319,6,3195,3508,1539,30,14,102,316,5,774,961,0,3197,591,0,2383,356,13,229,257,47,17,3,251,438,237,305,8893,152949
Richmond,4,72398,165,39711,12,801,44,0,144,11456,4853,441,9,2878,826,1030,5,51,0,223,0,333,640,0,860,461,0,869,18,0,353,303,22,22,0,14,290,247,114,13302,152911
Mitchell,6,44370,4392,25501,33,542,19,0,401,6753,3192,302,20,7809,3731,2224,70,37,32,2935,20,1125,3650,0,18540,3732,3,14617,1040,37,279,924,112,40,4,157,1326,207,407,4834,153450
Berowra,9,52194,2752,26355,0,511,20,0,217,7125,3520,379,17,5701,1895,2186,30,47,9,1506,5,942,1666,0,17199,2873,0,9184,536,26,257,575,64,25,0,37,1107,182,233,5740,145132
Macquarie,4,67411,520,36515,9,456,19,0,148,9482,4770,349,11,5514,1695,1845,0,31,12,164,0,429,627,0,1336,272,0,689,50,15,244,314,33,14,0,21,333,196,168,7769,141441
Greenway,0,39543,4048,26259,75,1066,43,0,1995,5475,2890,216,14,7968,3873,2186,88,12,701,2678,17,1214,8446,0,8305,1481,0,36198,1962,33,237,943,86,21,0,519,1267,293,834,9064,170068
Chifley,0,37078,5747,27269,419,1592,26,8,7678,4220,2862,161,4,6457,3483,1892,68,3,1484,2891,35,1582,19042,0,4729,663,3,24189,1848,74,142,926,221,16,0,700,1127,304,1217,11092,171251
McMahon,0,26729,21950,20704,161,958,17,3,2983,3816,2130,130,17,12995,6800,1751,293,13,474,13602,15,9434,4521,0,9587,382,0,8569,3661,54,111,2045,151,18,0,466,820,333,587,9438,165697
Kingsford Smith,5,43687,2686,22614,41,1009,38,0,840,12039,4732,436,23,8591,10510,5148,67,643,28,2504,19,2123,4892,0,25276,1641,0,5904,421,106,474,2604,140,73,3,92,1311,285,525,14695,176232
Barton,6,24387,12144,14836,63,950,28,5,1272,4767,1857,183,29,10748,23990,2238,117,54,50,1220,10,4671,4598,0,33394,2073,0,13840,231,65,190,2257,93,30,0,141,492,209,497,11109,172852
Grayndler,10,50461,2280,22000,10,811,17,3,573,11076,3568,422,23,11049,6757,2221,36,113,29,899,6,3710,2263,0,9486,1338,0,5286,144,51,441,1361,129,40,0,149,508,226,291,11733,149514
Wentworth,8,51298,1236,21069,14,857,25,0,145,10601,6275,717,29,6666,4441,8368,88,1809,5,1333,0,792,1078,0,4809,1045,0,1504,144,40,695,1726,145,69,0,56,3073,218,774,14791,145952
Blaxland,3,17917,34049,15258,100,598,19,4,2689,2266,1260,77,13,4807,7910,1720,372,13,366,5375,23,16570,2972,0,22382,2391,0,14741,4365,27,101,646,61,14,3,641,1204,334,991,12338,174633
Watson,0,18147,31380,14274,99,596,23,7,2572,3339,1407,97,10,10957,12084,1305,289,11,204,1298,38,7991,5370,0,22595,4927,0,20104,447,53,147,1170,47,18,0,460,983,282,795,11300,174807
Banks,12,34635,8776,21708,39,1061,23,7,1114,5771,2029,169,18,6754,14057,1687,85,36,136,679,18,3638,3195,0,30772,1082,0,8120,154,28,171,1213,49,16,0,117,611,186,389,7247,155804
Cook,3,50597,3536,28393,13,759,23,0,388,8275,2947,299,13,7552,13227,1935,37,34,32,556,5,857,1230,0,6395,408,0,1862,128,42,191,1079,58,21,0,29,455,162,173,7343,139060
Reid,4,29595,5848,15107,39,511,20,0,568,6561,2127,219,22,16980,6551,2352,78,37,76,2015,4,3617,2939,0,38976,12409,0,17957,418,60,215,1133,81,25,0,129,578,216,381,13505,181347
North Sydney,5,54377,1289,23022,5,787,20,0,150,10651,4441,507,11,5609,3533,3332,32,211,4,1697,7,1624,2220,0,21705,4959,0,6968,1183,61,542,1187,125,47,0,29,938,195,388,9662,161524
Bradfield,10,51818,888,22935,12,524,47,3,186,7546,3806,416,10,3515,1898,2728,45,331,0,2681,0,1156,2011,0,31007,6670,3,8486,784,43,389,770,52,46,0,46,2212,178,339,6651,160251
Bennelong,0,35751,3796,18849,10,448,16,0,419,6208,2538,294,16,8567,3767,2075,61,88,8,2162,6,2030,3642,0,43134,10174,0,12222,3009,37,243,921,97,21,3,93,570,211,327,7112,168948
Warringah,3,66065,622,25304,9,1006,16,0,314,10617,5864,870,24,6030,2822,2534,11,65,0,638,4,758,1177,0,5489,1643,5,2100,576,24,730,1334,83,44,4,21,910,193,208,9224,147334
Mackellar,0,67790,467,30612,15,808,3,0,467,9136,5447,652,16,6487,3218,2007,12,26,3,596,9,713,1295,0,3761,1422,0,1854,1060,27,438,1081,56,44,0,37,794,184,201,7885,148607
Macarthur,0,50829,5312,33940,300,1328,56,9,4985,6847,3573,263,15,7917,4248,1926,77,20,146,1019,30,3117,4727,0,3848,276,0,12123,510,76,161,1870,178,18,0,227,1410,288,601,9739,162020
Werriwa,0,24453,16186,19367,169,892,24,0,5087,2939,2088,118,17,14295,10829,1812,302,14,291,8221,22,14654,5304,0,9034,208,0,16330,594,113,123,3075,376,27,3,511,1061,317,512,11538,170906
Lindsay,0,62835,2395,40171,102,1169,19,0,2056,8533,4418,242,6,8433,3574,2001,45,12,427,1053,5,835,3559,0,2638,406,0,7270,443,31,159,593,54,19,0,303,738,250,559,11180,166527
Parramatta,6,26871,16006,17294,85,783,49,0,1744,3969,1923,156,12,4617,3584,1785,192,24,283,5043,17,2429,4712,0,26695,5444,5,42478,3174,82,163,991,65,15,4,433,865,351,931,13042,186324
Fowler,0,15508,11990,11620,156,634,20,0,3097,1714,1563,97,24,10626,11261,2012,268,4,276,11666,0,34596,2975,0,20616,241,0,6043,791,86,116,2386,239,13,0,521,456,249,575,11821,164235
Hughes,0,57943,3312,34950,13,733,22,4,523,8776,3362,255,22,6070,5883,1821,30,44,74,459,3,1225,1651,0,4727,330,0,4421,85,22,207,837,50,16,3,39,686,196,219,5262,144288
Lingiari,4,26870,77,56755,10,694,120,19,400,4252,2668,177,0,1287,429,373,0,9,95,70,0,723,1568,0,976,206,0,1806,21,0,277,71,25,17,0,96,488,146,316,16926,118003
Hinkler,8,68888,104,39026,19,617,68,19,146,7879,6633,484,3,2478,482,736,0,10,8,146,0,363,891,0,1031,269,0,1017,21,6,150,60,14,8,0,58,388,216,148,10741,143130
Herbert,6,68216,197,45441,35,903,614,9,657,10521,4934,492,0,4896,886,724,11,14,77,118,0,666,1683,0,1581,321,0,1976,42,17,241,136,58,27,0,272,881,231,299,12837,159999
Migratory - Offshore - Shipping (Qld),0,64,0,26,0,0,0,0,0,7,5,0,0,9,9,0,0,0,0,0,0,3,0,0,0,0,0,0,0,0,0,0,0,0,0,0,4,0,0,24,152
No usual address (Qld),0,4549,22,2602,0,136,24,0,39,677,554,83,0,241,57,73,0,6,5,18,0,46,74,0,306,80,0,103,5,0,41,33,4,7,0,3,50,62,26,2603,12515
Adelaide,3,54634,1701,26788,4,277,21,3,134,6888,5679,301,28,11792,11904,3319,44,30,353,1024,15,7571,2494,0,14628,1299,0,11956,2599,34,264,553,150,32,0,545,1192,334,826,11495,180891
Mayo,6,83312,140,40300,0,332,10,3,31,6646,9429,354,10,3315,1029,1557,3,34,0,117,0,249,509,0,719,166,0,464,18,8,263,72,22,12,0,0,376,240,101,9142,158998
Sturt,4,58291,1454,26998,10,248,36,7,92,6694,6495,282,20,24254,6124,3451,28,59,281,1361,15,1431,1630,0,13465,1913,0,9351,659,41,259,457,100,19,0,150,718,246,455,7476,174561
Boothby,7,72130,1694,34032,15,302,33,0,68,8693,7056,384,13,5637,5199,2539,25,55,107,904,3,918,1731,0,6733,773,0,5330,331,25,268,287,44,32,0,165,789,294,409,8367,165395
Grey,3,75095,76,54400,13,315,22,0,52,7472,8225,263,4,2950,1572,783,0,3,11,54,0,272,994,0,482,79,0,927,27,6,85,66,10,3,0,42,393,222,186,13943,169055
Spence,6,77299,789,37620,9,327,19,0,186,5634,6597,226,4,6200,2956,1883,16,12,1231,361,0,6201,1824,0,1495,100,0,3951,2452,73,196,284,206,6,0,811,1386,368,776,11230,172726
Makin,0,70743,1531,32553,7,219,21,0,168,5783,7314,269,15,8056,4069,3143,44,11,330,939,8,4773,2222,0,4465,551,0,6858,2311,62,213,292,170,20,0,265,779,308,451,8091,167050
Kingston,10,82486,746,36704,4,430,27,0,78,6654,7385,318,0,3285,2149,2500,11,11,20,463,0,373,1265,0,1774,279,0,2063,46,31,213,224,67,17,0,66,784,298,198,7740,158725
Hindmarsh,0,57967,989,30398,0,342,11,0,94,7086,5698,345,23,16160,10869,4088,20,16,290,460,7,3452,1756,0,4073,304,0,5272,401,24,208,312,80,21,6,295,1074,263,506,7837,160762
Barker,0,72894,131,47673,8,469,8,0,92,6583,13883,269,10,3001,1684,832,0,3,69,180,0,850,1084,0,1171,137,0,1129,529,4,135,29,12,6,0,120,341,266,178,11848,165623
Migratory - Offshore - Shipping (SA),0,0,0,0,0,0,0,0,0,0,0,0,0,0,0,0,0,0,0,0,0,0,0,0,0,0,0,0,0,0,0,0,0,0,0,0,0,0,0,0,8
No usual address (SA),0,1027,6,597,0,16,4,0,3,100,122,8,0,60,35,23,0,0,0,9,0,29,20,0,62,16,0,45,14,0,3,5,0,0,0,7,13,18,6,604,2862
No usual address (OT),0,20,0,8,0,0,0,0,0,3,0,0,0,5,0,0,0,0,0,0,0,3,0,0,6,0,0,0,0,0,0,0,0,0,0,0,0,0,0,6,54
No usual address (NT),0,683,0,746,0,19,0,0,12,88,103,5,0,31,8,16,0,0,0,3,0,7,13,0,10,3,0,12,0,0,0,0,5,0,0,0,6,12,0,704,2485
Migratory - Offshore - Shipping (OT),0,3,0,0,0,0,0,0,0,0,0,0,0,0,0,0,0,0,0,0,0,0,0,0,0,0,0,0,0,0,0,0,0,0,0,0,0,0,0,0,4
Bowman,9,74864,248,34057,36,1893,119,3,504,9181,5904,779,14,2724,1329,1351,4,15,17,196,0,408,878,0,1444,224,0,1401,48,30,248,186,58,24,0,32,1108,224,199,7257,147011
Bonner,3,60765,630,30541,48,2032,180,16,801,10183,4556,558,12,3704,3673,1547,39,31,82,601,4,1167,1843,0,8512,1702,0,5538,213,85,264,519,167,41,0,41,1178,229,362,7765,149634
Griffith,10,59990,770,27018,24,1017,138,10,378,12872,4835,542,22,4826,3873,1861,45,33,92,831,7,1734,1317,0,6047,1941,0,5514,257,87,373,1227,190,36,0,114,803,282,303,10285,149709
Petrie,0,73437,319,36336,130,2491,271,7,1944,10342,5491,487,10,3423,1066,1257,26,13,76,439,8,596,2722,0,2766,540,0,5582,129,33,290,392,71,36,3,97,1244,276,443,10483,163268
Migratory - Offshore - Shipping (NT),0,11,0,6,0,0,0,0,0,0,0,0,0,0,4,0,0,0,0,0,0,0,25,0,0,7,0,0,0,0,0,0,0,0,0,0,0,0,0,14,73
Higgins,7,51852,730,23910,6,636,14,0,102,10046,4490,318,12,5967,8208,4763,42,879,70,1146,4,1584,1363,0,14154,1341,0,8039,233,33,358,771,118,30,0,45,1017,269,557,10135,153267
Kooyong,3,54234,1172,25261,7,498,24,3,138,10673,3691,286,5,8432,7661,2364,30,122,12,1054,9,2538,1300,0,24388,1248,0,7340,140,48,286,537,88,19,0,32,580,227,294,8069,162818
Menzies,0,41109,2312,20715,7,307,15,3,127,6344,3399,231,12,13638,12392,1845,46,49,54,3079,19,1726,1489,0,35306,1694,0,6562,316,32,171,326,53,23,0,45,868,203,212,7023,161729
Chisholm,5,40041,1120,19738,8,386,21,8,180,6633,3618,201,5,6905,9656,2725,42,107,112,1223,16,3229,2401,0,45272,2652,4,18011,934,40,192,480,56,18,0,64,916,257,405,8293,175950
Deakin,10,62179,611,31923,9,445,14,8,226,8875,5619,260,0,5963,3664,2019,36,26,104,1055,21,4051,1354,0,15529,832,0,6757,169,23,238,373,66,19,0,54,768,263,234,7023,160811
Goldstein,5,56035,784,27081,3,564,7,3,77,9852,4999,414,19,6145,6895,6704,38,1640,40,1037,0,763,688,0,7192,995,0,4386,179,18,386,476,56,20,0,23,1555,221,493,7824,147624
Hotham,3,30608,2102,17296,76,594,33,0,1288,4931,3460,192,18,8712,16530,4242,58,692,473,1772,18,23028,3740,0,26525,1784,0,23048,1151,50,135,917,143,31,0,110,2374,377,761,10711,187984
Isaacs,0,51749,1006,26420,18,628,15,3,370,8733,4007,301,15,6809,8912,3693,20,298,144,1540,0,3589,1658,0,8532,522,0,7839,1911,35,209,618,73,31,0,56,1377,286,299,8349,150076
Jagajaga,3,56940,1525,30297,9,334,9,3,155,10878,3788,282,20,13465,7881,2047,24,33,35,1038,3,1207,1030,0,7630,521,0,4400,138,31,211,314,59,31,0,75,1670,218,265,7338,153930
Scullin,0,25684,9122,17468,36,421,23,3,1020,3764,1630,100,14,22921,23141,976,153,12,181,4289,4,4870,2929,0,7683,298,0,18705,524,19,86,431,61,28,0,275,1302,313,550,8588,157629
Gorton,0,23686,4020,16999,136,680,22,13,1792,3234,2289,90,15,20831,18706,2711,44,5,1053,2770,7,10908,8337,0,7342,284,5,14054,424,83,189,1339,455,24,0,384,2126,355,876,10431,156716
Calwell,0,22303,16279,16458,143,527,37,10,2355,3045,1414,112,4,13652,5880,1055,243,0,85,22317,0,2599,3032,0,1854,134,9,17333,600,35,92,410,211,0,0,235,1658,359,617,9589,144698
Aston,0,54141,1266,28982,18,466,10,7,297,7406,5953,208,3,6704,4299,2280,23,38,64,949,0,2021,2123,0,16422,847,0,9855,683,48,160,405,88,18,0,39,1019,287,265,6748,154154
La Trobe,0,50364,665,28438,25,617,9,7,415,6100,4812,195,0,4186,2142,1334,22,10,569,343,0,515,1273,0,2213,250,0,6986,486,31,161,411,88,9,0,128,1362,177,490,6925,121751
Bruce,0,39170,3776,22502,87,1004,20,17,1949,4955,4814,182,28,8471,13103,3911,106,33,923,2246,52,4419,3157,0,8846,521,13,23161,10111,70,133,1185,249,18,0,231,3146,480,834,10540,174470
Holt,0,41743,1297,24227,143,1212,18,10,3104,4536,3935,132,19,4452,4325,1769,71,24,1068,1118,6,3226,4113,0,4014,182,0,23291,6166,89,168,846,323,15,0,260,2767,382,806,9776,149643
Fraser,3,28188,1866,15737,92,781,96,6,1706,5181,2629,166,37,11993,13111,2730,44,30,1039,2088,15,31458,4644,0,14106,665,0,14044,677,96,179,1205,332,31,3,405,2982,425,996,13397,173193
Gellibrand,6,42895,3867,22866,67,1570,30,10,1091,7371,3191,281,19,11792,10129,2399,42,25,502,753,11,3903,4086,0,10854,976,4,16534,146,46,249,816,155,30,0,306,2287,355,719,10279,160668
Lalor,0,39299,2515,23053,105,1837,26,3,2072,5278,2711,147,9,10300,5190,2025,66,14,1355,637,18,4923,5342,0,5163,361,0,24235,290,41,140,721,212,25,0,422,3305,366,1014,9373,152605
Dunkley,5,69766,568,34173,19,1131,26,28,611,8946,5298,298,9,4409,3377,2210,17,71,215,379,0,679,1323,0,2356,187,0,3319,309,9,219,433,55,17,0,108,1031,274,295,9861,152025
Migratory - Offshore - Shipping (Vic.),0,11,0,4,0,0,0,0,0,3,0,0,0,5,0,4,0,0,0,0,0,0,0,0,0,0,0,0,0,0,0,0,0,0,0,0,0,0,0,5,26
No usual address (Vic.),0,2000,90,1295,0,64,3,0,39,354,202,27,0,238,97,78,0,3,30,85,0,115,51,0,320,46,0,182,13,0,19,26,6,0,0,21,101,45,13,1997,7572
Forrest,0,72199,134,35892,21,1350,16,0,92,7173,4177,278,3,5211,643,909,4,14,3,125,0,402,1607,0,1092,409,0,1120,114,15,236,133,35,10,0,64,1237,175,251,11299,146444
O'Connor,6,79372,89,49025,45,2170,162,3,263,7540,4975,296,9,3791,846,1028,3,11,25,120,4,786,2214,0,1028,150,0,1228,237,0,227,86,16,9,0,95,1220,207,401,17585,175285
Franklin,3,50181,75,28240,0,219,16,0,54,5637,3298,218,0,1045,613,644,8,8,51,64,0,144,280,0,902,234,0,531,17,7,172,102,32,3,0,10,257,146,88,5730,99044
Bass,9,49298,116,30117,3,194,13,0,47,4785,3047,162,0,1069,296,577,6,3,103,76,0,363,446,0,1229,196,0,1454,376,3,139,43,13,7,0,93,252,175,162,7417,102287
Clark,8,47236,375,25138,3,186,9,0,62,5861,2834,219,9,1809,1276,1240,9,16,148,195,0,585,569,0,3435,443,0,2429,287,9,184,140,61,7,0,126,548,208,246,6671,102574
Braddon,5,49775,76,34740,10,255,5,0,42,5207,2568,147,3,624,250,388,8,4,0,32,0,148,363,0,440,90,0,367,5,14,75,43,29,9,0,27,143,175,72,6749,102889
Migratory - Offshore - Shipping (Tas.),0,36,0,13,0,0,0,0,0,3,11,0,0,4,0,0,0,0,0,0,0,0,0,0,0,0,0,0,0,0,0,0,0,0,0,0,0,0,0,4,75
No usual address (Tas.),0,341,0,250,0,0,0,0,0,54,31,3,0,3,6,0,0,0,0,0,0,0,4,0,22,0,0,5,0,0,0,8,0,0,0,0,0,9,0,169,911
Ballarat,4,63298,152,37033,0,254,9,0,65,11747,4302,201,8,2486,1152,916,9,15,160,111,5,255,539,0,1464,136,0,1524,42,4,159,59,13,19,0,103,197,201,149,9603,136395
Hawke,5,51891,909,31595,66,825,34,13,1063,7806,3804,178,10,10041,4811,1733,25,9,1070,603,0,1007,1775,0,1316,128,0,4215,58,36,129,458,151,12,0,244,650,231,383,8654,135949
Mallee,0,70447,189,47097,34,219,22,8,796,9086,5218,145,0,5611,1234,586,4,9,43,578,0,839,956,0,1151,157,0,1559,514,0,90,54,6,7,0,62,254,233,168,14037,161417
Wannon,0,66050,128,43377,0,602,12,0,79,13146,4350,126,3,1595,555,536,4,14,83,55,0,218,601,0,929,160,0,679,59,6,97,51,8,6,0,30,212,198,104,12586,146662
Bendigo,4,64874,186,39337,3,234,19,3,88,10565,3394,193,10,2389,695,597,0,11,68,88,0,1038,548,0,1227,112,0,1362,118,3,117,55,12,3,0,13,163,213,127,11260,139131
McEwen,0,53457,725,32511,7,331,7,0,247,8732,3556,195,8,8509,3548,1075,17,11,0,563,0,425,706,0,1118,136,0,2678,17,11,126,173,40,8,0,104,505,149,266,7823,127808
Corangamite,0,55985,199,30933,0,277,13,0,45,8943,4152,201,3,3476,1485,1048,0,4,22,177,0,224,435,0,1082,136,0,1022,31,0,157,84,11,3,0,29,315,166,101,6808,117576
Corio,6,60879,516,33898,15,349,12,0,132,10355,5326,255,18,6165,6688,2557,11,14,180,641,3,1473,1150,0,2038,217,0,2765,796,14,137,124,25,17,3,173,345,267,224,10509,148291
Indi,0,66058,107,40088,3,251,9,5,60,10545,5492,239,12,4238,1134,1064,9,11,17,76,0,253,505,0,772,101,0,1143,17,8,139,47,11,7,0,127,203,203,121,11325,144406
Nicholls,0,63853,1103,41357,6,373,33,0,357,9854,3455,149,0,6615,1902,537,26,6,140,576,0,268,979,0,1123,120,0,2342,969,0,95,35,7,4,0,216,183,235,216,13285,150412
Casey,0,72139,257,37466,9,439,9,0,156,8718,8000,329,5,5219,1486,1613,8,41,49,208,0,1321,593,0,1588,191,0,1343,46,13,200,163,35,13,0,58,543,219,155,7961,150608
Monash,0,59328,77,35409,6,331,14,0,58,7656,4976,232,11,3953,1008,1009,0,7,81,56,0,237,400,0,663,92,0,727,29,3,144,83,17,7,0,17,250,188,109,9537,126729
Gippsland,3,64955,120,40864,9,397,22,0,84,8308,5229,217,3,4338,1018,1055,8,6,238,64,0,376,741,0,987,97,0,1141,24,5,152,77,22,4,0,65,280,235,129,13297,144571
Flinders,8,69437,191,33401,0,446,7,4,102,8851,4757,339,9,4528,2190,1055,3,12,11,125,0,272,460,0,618,99,0,481,52,3,193,192,20,10,0,13,406,205,88,8638,137226
Wills,5,36800,7680,19241,11,575,16,7,298,8366,2767,300,27,23499,10317,1790,90,56,25,4391,13,1839,1889,0,5189,670,4,12578,308,40,280,769,122,46,0,104,743,326,453,9549,151178
Melbourne,6,48118,1513,18679,5,851,22,9,161,10700,4322,487,23,8096,5324,2028,56,129,599,1256,10,6257,3360,0,36233,3803,0,7921,206,71,547,1553,262,40,3,128,3202,336,590,19788,186696
Cooper,5,39602,4944,20229,7,554,32,0,255,8780,2826,242,25,20007,15756,1270,54,62,67,1399,3,3663,1432,0,9105,549,3,8358,198,38,238,674,89,32,0,128,1228,278,361,10816,153352
Maribyrnong,4,39545,2857,22114,32,477,12,8,307,9795,2840,202,23,23521,9675,2273,43,20,263,2165,4,3458,1422,0,6717,641,0,6009,108,35,204,814,149,25,0,64,2235,228,425,9456,148179
Macnamara,7,50387,1043,22491,5,849,14,0,153,10598,5610,538,29,6428,6536,7899,58,2600,39,1568,0,1357,1744,0,11617,1712,0,5775,211,41,670,1357,182,50,0,39,1515,314,937,16319,160704
Gilmore,0,72061,200,42374,4,427,4,0,101,9629,4351,438,3,3087,1507,1257,5,18,3,73,0,356,506,0,811,147,0,608,22,10,206,192,11,8,0,6,253,222,96,11416,150435
Riverina,0,68660,529,50338,6,256,51,0,154,11042,3746,203,3,1440,516,503,0,0,155,117,3,434,750,0,1101,120,0,1531,155,11,94,65,20,11,0,101,344,133,229,12970,155790
Eden-Monaro,5,64775,310,41602,6,485,43,0,269,9574,4857,463,8,3293,2847,1348,0,14,5,118,3,407,786,0,1056,174,0,1845,44,11,252,174,12,8,0,43,307,181,178,12024,147532
Robertson,8,69207,436,37198,11,645,42,3,240,9593,3627,434,13,3388,1283,1409,7,23,8,215,0,498,927,0,1932,621,0,1265,69,24,251,426,21,19,0,21,605,191,157,8289,143099
Dobell,5,73310,408,44209,26,806,22,0,391,9461,3449,324,6,3813,1137,1088,7,7,14,158,0,413,947,0,1365,331,0,1102,64,7,193,371,22,21,0,30,390,240,181,9771,154063
Shortland,0,72213,192,42795,17,409,21,0,269,8464,3601,254,10,2619,1479,1166,3,10,18,98,4,296,542,0,1120,180,0,738,18,17,162,151,19,10,0,18,253,194,121,7007,144483
Calare,3,71931,316,50107,11,438,21,0,201,10670,3483,198,10,2150,810,913,10,14,79,127,0,333,600,0,1000,190,0,1379,29,0,122,102,3,4,0,27,341,218,131,15330,161298
Parkes,4,62157,236,57040,7,293,36,0,141,8599,2785,154,5,1395,561,353,15,3,10,74,0,187,621,0,794,120,0,1473,36,0,122,62,0,8,0,55,309,282,146,15697,153770
Page,5,74068,105,47967,10,415,35,3,98,10971,4146,324,0,2708,384,596,0,12,35,35,0,269,554,0,726,174,0,1466,36,0,216,126,17,6,0,44,240,298,85,12924,159107
Cowper,8,75228,217,46764,8,442,25,0,134,10098,4232,321,7,2304,616,891,9,10,160,80,0,727,606,0,906,166,0,994,205,7,207,141,44,17,0,177,410,233,137,12785,159322
Hunter,0,75297,197,48870,12,544,47,0,335,8310,3981,242,5,1782,768,954,0,3,13,75,0,373,672,0,838,155,0,917,35,11,135,130,21,7,0,30,327,219,150,11332,156796
Canberra,20,47982,727,23670,24,334,114,16,316,9148,4212,467,11,3786,3086,1839,36,82,163,538,12,2033,1620,0,8192,1331,5,5758,228,31,426,445,73,23,6,175,498,207,382,8755,126770
Fenner,10,46471,996,27608,17,326,69,0,608,7514,3613,504,10,3906,3643,1513,46,15,423,523,15,3120,2053,0,9085,1535,0,11137,462,54,272,817,161,9,0,407,1068,234,704,7087,136032
Bean,15,53834,1179,30964,30,360,57,0,356,9150,4437,436,11,4165,2999,1874,12,32,174,427,5,1944,1665,0,3553,508,0,6253,156,13,218,338,64,12,0,156,629,201,367,7453,134058
Migratory - Offshore - Shipping (ACT),0,0,0,0,0,0,0,0,0,0,0,0,0,0,0,0,0,0,0,0,0,0,0,0,0,0,0,0,0,0,0,0,0,0,0,0,0,0,0,0,0
No usual address (ACT),0,183,0,99,0,0,0,0,0,38,11,4,0,8,7,9,0,0,6,3,0,3,9,0,28,3,0,12,0,0,0,0,3,0,0,0,3,4,3,103,541
Hume,0,66760,1013,43443,20,509,26,0,363,9221,3814,283,6,6314,2121,1361,15,13,17,297,0,495,649,0,1164,152,0,1170,99,34,181,591,30,10,0,66,478,182,198,9520,150643
Total,578,8751502,333051,4934281,5826,135762,10951,800,111004,1243464,683065,49970,1888,952897,625562,265114,5934,13112,29553,174486,895,389978,314633,0,1140963,161054,94,922668,82678,4841,36528,83971,12798,3390,129,24094,158258,38062,61616,1631922,23397365
,,,,,,,,,,,,,,,,,,,,,,,,,,,,,,,,,,,,,,,,,
"Data Source: Census of Population and Housing, 2016, TableBuilder",,,,,,,,,,,,,,,,,,,,,,,,,,,,,,,,,,,,,,,,,
,,,,,,,,,,,,,,,,,,,,,,,,,,,,,,,,,,,,,,,,,
INFO,Cells in this table have been randomly adjusted to avoid the release of confidential data. No reliance should be placed on small cells.,,,,,,,,,,,,,,,,,,,,,,,,,,,,,,,,,,,,,,,,
,,,,,,,,,,,,,,,,,,,,,,,,,,,,,,,,,,,,,,,,,
,,,,,,,,,,,,,,,,,,,,,,,,,,,,,,,,,,,,,,,,,
"Copyright Commonwealth of Australia, 2018, see abs.gov.au/copyright",,,,,,,,,,,,,,,,,,,,,,,,,,,,,,,,,,,,,,,,,
"ABS data licensed under Creative Commons, see abs.gov.au/ccby",,,,,,,,,,,,,,,,,,,,,,,,,,,,,,,,,,,,,,,,,